Energy grid for beta spectra (MeV).  150 points.
 0.00000
 0.00010
 0.00011
 0.00012
 0.00013
 0.00014
 0.00015
 0.00016
 0.00018
 0.00020
 0.00022
 0.00024
 0.00026
 0.00028
 0.00030
 0.00032
 0.00036
 0.00040
 0.00045
 0.00050
 0.00055
 0.00060
 0.00065
 0.00070
 0.00075
 0.00080
 0.00085
 0.00090
 0.00100
 0.00110
 0.00120
 0.00130
 0.00140
 0.00150
 0.00160
 0.00180
 0.00200
 0.00220
 0.00240
 0.00260
 0.00280
 0.00300
 0.00320
 0.00360
 0.00400
 0.00450
 0.00500
 0.00550
 0.00600
 0.00650
 0.00700
 0.00750
 0.00800
 0.00850
 0.00900
 0.01000
 0.01100
 0.01200
 0.01300
 0.01400
 0.01500
 0.01600
 0.01800
 0.02000
 0.02200
 0.02400
 0.02600
 0.02800
 0.03000
 0.03200
 0.03600
 0.04000
 0.04500
 0.05000
 0.05500
 0.06000
 0.06500
 0.07000
 0.07500
 0.08000
 0.08500
 0.09000
 0.10000
 0.11000
 0.12000
 0.13000
 0.14000
 0.15000
 0.16000
 0.18000
 0.20000
 0.22000
 0.24000
 0.26000
 0.28000
 0.30000
 0.32000
 0.36000
 0.40000
 0.45000
 0.50000
 0.55000
 0.60000
 0.65000
 0.70000
 0.75000
 0.80000
 0.85000
 0.90000
 1.00000
 1.10000
 1.20000
 1.30000
 1.40000
 1.50000
 1.60000
 1.80000
 2.00000
 2.20000
 2.40000
 2.60000
 2.80000
 3.00000
 3.20000
 3.60000
 4.00000
 4.50000
 5.00000
 5.50000
 6.00000
 6.50000
 7.00000
 7.50000
 8.00000
 8.50000
 9.00000
10.00000
11.00000
12.00000
13.00000
14.00000
15.00000
16.00000
18.00000
20.00000
22.00000
24.00000
26.00000
28.00000
30.00000
